1314
257758
208224
573
439334
1639
562
106648
287
28450
2104
600
727
549
2495445
1313
1680
1929291
2600065
2496766
1351
738
2702
210
741093
195
593905
485
283734
373
470
2781243
1311
273384
520
1307
458197
670
1280
1920116
1185650
74426
1915
347834
90370
487
587
1773
28901
158836
192955
1134687
29486
668
1282
2735528
1613
2944939
1329816
263
159
1203599
1522
2735914
220697
480
1408
59201
68213
666
624
1402
714
55601
1597
59823
1194708
1352
2077273
1502
553
1590
1747
1346
337
28116
58095
305
1690246
1496
2587012
611
546
28141
2594462
149539
44250
1621261
165179
28118
513160
818
615
197
813
623
92828
827
2026187
2745518
37919
2832373
328813
48
2487710
548
46680
1589
119857
629259
2731692
2920940
1396
731
1512
1540520
511
611301
358
57743
1078034
1552123
2017437
285446
90371
174
72407
371601
152331
393003
47715
1405
36809
1281
244319
672
930091
85569
2020689
1871066
2996033
1406
206662
1423
134601
28214
1464011
40518
747
1717
2590157
318456
154288
155322
2725562
1781
83334
1390
91891
594
87
379347
224729
47853
33043
149390
58712
588
868175
150054
436515
729
28142
2666183
817
2023717
492670
2184566
1485217
1609103
1877
1391993
413503
1359
239935
1354
2940559
739141
1892865
726
552
1358
29497
1823
561879
2029412
54388
471
580165
2696284
60552
106654
911022
442694
28144
208962
1448310
1001741
38323
2769343
1428
235
103796
1123286
33945
2994668
1074486
329
95486
31998
2070558
1172618
318
87883
1812935
571
384
28150
53345
64187
989370
550
1767
321
1151232
28037
1145106
410942
663
1283
1348
996
820
418223
1981506
1491
2285
1925021
1573941
1547
216816
2587157
43767
29339
1881062
2675880
650164
317
2583588
1585
1306179
60550
251653
3004093
1296536
1144306
1393
1270
101571
2919925
2494701
363569
595
1679
1640
218823
633
325776
319
1296
1328
86102
57706
524884
2885160
29523
881260
985762
35790
54291
42897
1598
2608338
36808
1443902
756892
2699428
487521
584
33038
2819934
713604
1463165
440524
88431
35620
1335620
2654255
1898040
1885032
1602942
29385
1587
2745138
1624
1502999
40041
1583
1303
821
2819289
686
299766
1596
50719
2608867
1940621
103232
113571
381
1463164
1308
2877527
1295
1643
340
375
2804533
412384
1768
280505
2952254
1433
2493671
596
35703
69974
2962034
2005388
488447
1450429
213
2769301
115981
54914
108619
592978
1463938
135735
2771199
648
1304
61645
1798
75588
2862949
1954
48296
2782615
1241582
387
1401
40324
1828
1438695
64104
40545
553239
28108
152268
149391
1230389
1962118
2813349
853
1247
76759
1286
332186
1404
2744522
29397
37636
1628392
1719
1055537
228756
2219225
2753541
587753
172045
1390116
201
2992120
1292
1520
1434204
649756
1300225
2562792
1953771
33887
1402556
1138452
2879630
33964
2745499
40215
488731
1116179
980427
2763107
1622
96345
82541
1608996
135487
244366
1886
40318
630
1891097
1398
669
728
1513793
2769423
180957
411483
237656
1392
180434
61647
446
1812934
2911965
1946
13690
1920666
1304917
1710
410072
545
2775420
777
1284392
1116028
2842346
868144
1648923
1464079
1293
2681485
680
2780401
406432
86185
221822
310300
339
323
1541988
2744516
299767
136468
768494
192149
2895494
768493
251700
194542
28026
1822258
219574
143221
199
1772
497965
2832371
1131758
674
35814
39496
394935
1403038
2897386
1736585
2589974
269536
1434196
47770
1837343
28198
1329819
52696
1446609
2777958
1806053
380021
364929
2807651
39491
1196095
2692790
632
292462
1912094
154654
316
180863
1764
1531
2690291
2203200
117681
38301
53707
84112
555
2756293
1642
1122917
703
1041153
204042
2563942
359
1144304
911243
2851540
2824890
621
1914933
2527775
1381597
29448
676
1255
279826
881290
1856864
399
208479
1444087
1888
1530123
29459
1584
1181771
1290
47917
1117645
1503054
29519
29388
91352
1124987
1274
1334
1926307
1765
28035
823
1690
2742680
1625
85698
598
38313
47885
2862678
1287232
1227076
2371
139415
28111
226900
2589934
1705310
1444073
2033487
37931
1341646
2184697
33968
1839785
483908
293387
385966
192954
1349
1850361
519
306
47678
2829161
1436064
1638
1235825
357276
1472416
981384
159612
2340
148942
1639133
173
2782349
133448
75612
1384636
1238450
2976152
204039
33888
1009714
2496669
1882769
2835864
32022
2878385
1854574
43770
1736290
137591
868182
129140
682797
2069256
246787
127906
258533
871665
217203
1619948
1681
43306
138532
75985
1958813
2378
180844
1069448
68223
2717483
44935
2806611
246167
2602015
582
649196
1086033
254785
83333
42881
2209
1192854
1890302
1829
310297
2893891
1796646
1488392
294
1519493
1286181
2950553
1055538
357441
34085
651
2033499
2782625
702444
83219
1441627
654
2978478
1509
1277687
2541721
710243
1926319
1238
1642299
1748967
46126
56448
1254
293958
1450430
1644131
2744469
182337
47879
2316732
2798820
2200759
104087
656393
300181
76761
1250026
644
189426
554
336306
619300
1637645
1488397
28182
595537
2925845
68239
260799
2135648
2812563
1871053
93064
29382
56459
2605746
68570
222805
575
28172
110321
1661035
2979328
319706
2897332
1281102
564
28132
2692856
1179674
1519492
132265
1353535
1862322
1545443
1661033
1839798
2816456
323284
1324013
83655
2026188
2995158
1882682
319939
2500152
2602016
1053242
1580
40216
260554
1463842
470096
44752
292
2566012
529
457387
33069
1620419
1828643
562971
1194421
558537
2797535
1033813
2798844
376
2607819
2778092
1428624
1297617
285
400667
56458
82979
151783
1896961
1444253
46503
2600577
47716
146821
2690350
2530387
33900
2725666
2762559
2026186
488729
1599
1509407
1210076
158822
1468410
1206730
2487355
1314773
1892
2591009
382
1302
47951
1281189
1333585
674529
1283291
2054605
1444256
2810309
150055
38307
1766
300876
1505
96241
2666085
1908205
1305
47880
1834099
108015
1033741
2796387
227321
44283
1310165
228230
2653932
2015170
246432
2306165
1243663
1974212
1703933
214106
1452
1176649
1505087
135461
2881339
29438
400777
1360
1051653
141679
1579
2070566
1150298
1269000
2920306
1718
2728024
61015
645
1504709
865
715
221028
1414720
1438723
1114961
2203208
1750590
1913371
1835702
1312183
1836
1803665
303
1720574
1352941
60894
1828668
90975
2485162
1114943
2037901
146919
486
89065
1981699
260367
74829
71999
1038863
2723074
1446559
342113
57975
67263
1245029
2832364
1405293
2518342
2071715
404407
360921
1353
1920191
1993
652611
44415
483913
1403043
2530454
1885572
13373
51671
285458
2316736
2580423
350702
360920
1478
1679167
1764274
2717488
2035
122
2876625
2714351
33013
2811430
582475
110322
2607817
1644108
613905
2690361
310355
2608688
577680
2952248
1288
208964
1736531
2806612
1905288
67003
2496752
56460
149385
1905730
1402135
766224
298
193462
1330040
2706117
1367451
2487520
2487423
1926495
1138194
59893
2292240
941280
1961
2994442
90105
1705110
60520
1410652
754774
28147
1151244
930124
1193501
169679
925125
2703793
3018097
2920352
665099
266
28454
1005540
1460450
1685
1463905
1104679
1176302
1908235
28101
216778
1715149
2340917
337330
1709002
94626
2592816
876
1162286
1882741
29338
238
913090
2867268
868178
66976
2563970
2789216
1218105
1839709
2824811
1094175
46228
1737490
462227
629258
98360
1053248
546365
2986923
2744518
29380
103816
86664
1220562
319705
2109332
1703925
1281011
1316803
1265505
68043
2135642
132474
1394178
2744515
2589957
1446502
129817
1833
69
2856603
2184572
456
2075556
436907
935199
661
2607821
2066047
406341
2719034
1850238
1309
1342299
137838
1438684
28898
2052592
2074
526980
1848738
33876
340188
984487
2589980
1160705
317013
79880
217204
1674922
1582
2070758
1435371
868145
2219865
451
67257
2740297
1548889
1116129
58097
2736284
1123262
1397
1138189
29472
1547922
2559709
146922
1822239
2742642
1392869
398578
1284792
2876624
367791
1841656
2886093
2703892
56
1207504
1395925
1400979
47877
2500523
2692906
571912
152480
1676617
41978
2690294
46626
2565368
2824900
1210066
1476877
2895489
2767486
169430
2998080
1089444
2898149
1761754
2070644
1446728
2485166
1181780
286783
1736411
25
1862316
83262
450367
67283
350058
1885029
1281005
2320864
310354
1306418
363952
58343
665959
1928
386
2665544
2690338
486994
1318
1444111
936565
1128964
2185284
1855658
2928855
1446499
2711209
659
29363
1281116
1768797
29384
396
1848900
1499973
302911
2928687
1053236
2497436
48409
1444123
572264
374606
1682
33059
67593
2006091
1871054
985665
1412828
1129896
2613840
2949648
564198
2706106
70775
1930280
31234
115778
1827300
244566
2782627
2970734
1774
1806496
1420013
1463900
757414
34073
1284809
2675851
2723402
1485682
1703924
516466
1736262
44010
2782676
1677857
321984
2608354
1076926
1165950
2769285
2719586
2589915
2755585
2906758
2952238
565556
154046
454136
321662
1581705
1465
2961896
2569763
1806509
34
660027
2751350
1438689
2806347
2070666
1535203
2045
669365
49283
2133767
1777867
68171
43992
749527
1038844
328812
549687
2829823
930772
2952230
2070677
656417
88382
2806102
280145
1637848
1450516
2682474
218284
2940596
2745510
1911
1231522
2742649
2563964
2775329
301302
37331
2496664
285676
1628086
2749083
408
1434927
1080179
2600619
1535768
1573406
2681306
1328367
2774336
754504
2509717
1355477
1348630
565073
2982024
488446
1582493
528191
1116047
1458253
1183401
132264
66887
251721
2841646
2923195
1650438
2563963
2952244
1871043
1940289
569862
206163
1778678
2586989
1438717
1377993
152142
2908922
1120623
1187904
202956
447093
1339266
1415560
1331664
1290417
1444156
2769272
2912190
2920318
2740518
2033
1844
2886510
2585753
2528024
2758570
1245417
2690446
3020863
1194400
2775058
163603
2810310
2709302
58096
670580
1747223
1503055
1138383
1901
2738811
2587052
1699311
2058923
2846779
453247
2259035
2823469
251722
1444258
2920294
9925
577
2692792
2053030
37332
1736315
2841064
96344
2995310
1333544
1265490
1402967
2478958
37329
2873260
2024833
2782641
707209
422271
1444202
1211807
2759022
1682204
2023145
1201031
2172652
56192
569
2800325
2070676
53408
54571
320389
35762
340190
134375
2498848
2589971
1350469
1974323
1294138
622
2725477
2876644
1777138
2589918
768528
2903807
66888
2738808
1795
1967501
2723094
5698
2876634
1005538
2705548
1181745
2917756
1053196
2058152
1810943
985002
2022496
1355015
1664069
2202417
556534
2856166
2797524
2587864
28095
754332
1487953
1725256
2782658
47883
1172184
2058307
82689
2604469
1898961
191391
2989731
1938810
1981736
360922
2824877
1173023
1926588
330879
1173585
1160721
1389713
2211212
1136218
1218074
263849
158877
1314786
1233231
2605731
2933326
1940610
2795130
284031
1967781
2796469
575193
2714954
284579
2939573
2861196
2782638
1869337
2717699
1446690
2929851
2782665
1328760
2728848
1737066
1904807
1446645
2789292
2820809
1053215
215803
2070652
1736434
32009
1029986
1335322
1446675
264730
33035
421767
319709
1869
36807
483687
2035198
1446663
358708
2994968
1790044
1443889
930166
200452
336820
2184563
291644
67260
617145
2741326
2994970
51201
2920348
1353890
2745936
2033502
2603897
1215099
1328423
648995
1217282
80868
67350
418784
2528176
2022519
2684233
1100828
2787141
121627
2926010
92933
2738831
2589893
2849174
1938860
885040
200454
763782
1444118
2807188
1280390
2587068
1206731
2024861
2302925
2853165
1444199
2777969
756982
304899
2202895
54913
2070575
2057004
2807622
2823685
2738978
2821093
42239
1380770
390989
930090
68219
2107692
1260625
2876651
2512216
1519473
2665486
2665470
36856
1637836
2692814
86668
70448
76760
2508874
1665556
2782654
2709663
2875709
2512180
487174
2690320
2202822
1208103
1281043
2070588
1736573
2963091
2816244
46231
1210063
1907195
1094170
138277
1284819
1938
2742660
1328421
2656787
279058
1353891
65048
119219
2807722
361572
1834078
1415562
868156
32002
1967636
2739487
1528880
2491679
1391654
1403028
1667327
1535636
2558286
28099
2802176
2933816
2994495
180867
2064767
984195
2767463
2817892
1303090
2793803
2735913
1494448
1316147
354356
2527990
2020326
2782628
352211
1418242
211759
2920359
1339265
9606
10090
